000076
000041
000054
000045
000051
000053
000093
000024
000031
000055
000118
000029
000127
000075
000141
000012
000134
000040
000151
000007
000124
000016
000035
000148
000155
000092
000145
000143
000105
000087
000161
000023
000156
000018
000036
000079
000132
000108
000056
000089
000136
000100
000044
000059
000163
000022
000162
000001
000137
000133
000089
000034
000069
000099
000128
000158
000091
000129
000104
000070
000039
000058
000150
000101
000037
000014
000149
000159
000003
000043
000146
000097
000067
000085
000048
000019
000102
000047
000074
000011
000065
000068
000073
000017
000111
000084
000064
000026
000049
000033
000061
000042
000142
000123
000098
000125
000083
000103
000086
000021
000020
000115
000090
000002
000078
000112
000139
000126
000077
000008
000028
000122
000038
000052
000107
000005
000013
000071
